1;524.0
2;480.0
3;480.0
4;480.0
5;480.0
6;480.0
7;468.0
8;468.0
9;468.0
10;468.0
11;456.0
12;456.0
13;454.0
14;454.0
15;454.0
16;444.0
17;444.0
18;444.0
19;444.0
20;444.0
21;444.0
22;444.0
23;444.0
24;444.0
25;444.0
26;444.0
27;444.0
28;444.0
29;444.0
30;444.0
31;444.0
32;444.0
33;444.0
34;444.0
35;444.0
36;444.0
37;444.0
38;444.0
39;444.0
40;444.0
41;444.0
42;444.0
43;444.0
44;444.0
45;444.0
46;444.0
47;444.0
48;444.0
49;444.0
50;444.0
51;444.0
52;444.0
53;444.0
54;444.0
55;444.0
56;444.0
57;444.0
58;444.0
59;444.0
60;444.0
61;444.0
62;444.0
63;444.0
64;444.0
65;444.0
66;444.0
67;444.0
68;444.0
69;444.0
70;444.0
71;444.0
72;444.0
73;440.0
74;440.0
75;440.0
76;440.0
77;440.0
78;440.0
79;440.0
80;440.0
81;440.0
82;440.0
83;440.0
84;440.0
85;440.0
86;440.0
87;440.0
88;440.0
89;440.0
90;440.0
91;440.0
92;440.0
93;440.0
94;440.0
95;440.0
96;440.0
97;440.0
98;440.0
99;440.0
100;440.0
