1;484.0
2;476.0
3;466.0
4;444.0
5;444.0
6;444.0
7;444.0
8;444.0
9;436.0
10;434.0
11;434.0
12;434.0
13;434.0
14;434.0
15;434.0
16;434.0
17;434.0
18;434.0
19;434.0
20;434.0
21;434.0
22;434.0
23;434.0
24;434.0
25;434.0
26;434.0
27;434.0
28;434.0
29;434.0
30;434.0
31;434.0
32;434.0
33;434.0
34;434.0
35;434.0
36;434.0
37;434.0
38;434.0
39;434.0
40;434.0
41;434.0
42;434.0
43;434.0
44;434.0
45;434.0
46;434.0
47;434.0
48;434.0
49;434.0
50;434.0
51;434.0
52;434.0
53;434.0
54;434.0
55;434.0
56;434.0
57;434.0
58;434.0
59;434.0
60;434.0
61;434.0
62;434.0
63;434.0
64;434.0
65;434.0
66;434.0
67;434.0
68;434.0
69;434.0
70;434.0
71;434.0
72;434.0
73;434.0
74;434.0
75;434.0
76;434.0
77;434.0
78;434.0
79;434.0
80;434.0
81;434.0
82;434.0
83;434.0
84;434.0
85;434.0
86;434.0
87;434.0
88;434.0
89;434.0
90;434.0
91;434.0
92;434.0
93;434.0
94;434.0
95;434.0
96;434.0
97;434.0
98;434.0
99;434.0
100;434.0
