1;207.0
2;197.0
3;197.0
4;197.0
5;197.0
6;193.0
7;193.0
8;193.0
9;193.0
10;193.0
11;193.0
12;193.0
13;193.0
14;193.0
15;193.0
16;190.0
17;190.0
18;190.0
19;190.0
20;189.0
21;188.0
22;188.0
23;188.0
24;188.0
25;188.0
26;188.0
27;188.0
28;188.0
29;188.0
30;188.0
31;188.0
32;186.0
33;186.0
34;186.0
35;186.0
36;186.0
37;186.0
38;186.0
39;186.0
40;186.0
41;186.0
42;186.0
43;186.0
44;186.0
45;186.0
46;186.0
47;186.0
48;186.0
49;186.0
50;186.0
51;186.0
52;186.0
53;186.0
54;186.0
55;186.0
56;186.0
57;185.0
58;185.0
59;185.0
60;185.0
61;185.0
62;185.0
63;185.0
64;185.0
65;185.0
66;185.0
67;185.0
68;185.0
69;185.0
70;185.0
71;185.0
72;185.0
73;185.0
74;185.0
75;185.0
76;185.0
77;185.0
78;185.0
79;185.0
80;185.0
81;185.0
82;185.0
83;185.0
84;185.0
85;185.0
86;185.0
87;185.0
88;185.0
89;185.0
90;185.0
91;185.0
92;185.0
93;185.0
94;185.0
95;185.0
96;185.0
97;185.0
98;185.0
99;185.0
100;185.0
