1;524.0
2;486.0
3;486.0
4;486.0
5;486.0
6;478.0
7;478.0
8;478.0
9;478.0
10;466.0
11;454.0
12;454.0
13;454.0
14;448.0
15;448.0
16;448.0
17;448.0
18;448.0
19;448.0
20;446.0
21;446.0
22;444.0
23;444.0
24;444.0
25;444.0
26;444.0
27;444.0
28;444.0
29;444.0
30;444.0
31;444.0
32;444.0
33;436.0
34;436.0
35;434.0
36;434.0
37;434.0
38;434.0
39;434.0
40;434.0
41;434.0
42;434.0
43;434.0
44;434.0
45;434.0
46;434.0
47;434.0
48;434.0
49;434.0
50;434.0
51;434.0
52;434.0
53;434.0
54;434.0
55;434.0
56;434.0
57;434.0
58;434.0
59;434.0
60;434.0
61;434.0
62;434.0
63;434.0
64;434.0
65;434.0
66;434.0
67;434.0
68;434.0
69;434.0
70;434.0
71;434.0
72;434.0
73;434.0
74;434.0
75;434.0
76;434.0
77;434.0
78;434.0
79;434.0
80;434.0
81;434.0
82;434.0
83;434.0
84;434.0
85;434.0
86;434.0
87;434.0
88;434.0
89;434.0
90;434.0
91;434.0
92;434.0
93;434.0
94;434.0
95;434.0
96;434.0
97;434.0
98;434.0
99;434.0
100;434.0
