1;526.0
2;524.0
3;520.0
4;458.0
5;458.0
6;458.0
7;458.0
8;458.0
9;458.0
10;458.0
11;458.0
12;458.0
13;458.0
14;458.0
15;458.0
16;458.0
17;458.0
18;458.0
19;458.0
20;458.0
21;458.0
22;458.0
23;458.0
24;458.0
25;458.0
26;458.0
27;458.0
28;458.0
29;458.0
30;458.0
31;458.0
32;458.0
33;458.0
34;458.0
35;458.0
36;458.0
37;458.0
38;458.0
39;458.0
40;458.0
41;458.0
42;458.0
43;458.0
44;458.0
45;436.0
46;436.0
47;434.0
48;434.0
49;434.0
50;434.0
51;434.0
52;434.0
53;434.0
54;434.0
55;434.0
56;434.0
57;434.0
58;434.0
59;434.0
60;434.0
61;434.0
62;434.0
63;434.0
64;434.0
65;434.0
66;434.0
67;434.0
68;434.0
69;434.0
70;434.0
71;434.0
72;434.0
73;434.0
74;434.0
75;434.0
76;434.0
77;434.0
78;434.0
79;434.0
80;434.0
81;434.0
82;434.0
83;434.0
84;434.0
85;434.0
86;434.0
87;434.0
88;434.0
89;434.0
90;434.0
91;434.0
92;434.0
93;434.0
94;434.0
95;434.0
96;434.0
97;434.0
98;434.0
99;434.0
100;434.0
