1;526.0
2;520.0
3;512.0
4;512.0
5;512.0
6;512.0
7;512.0
8;508.0
9;508.0
10;500.0
11;500.0
12;478.0
13;478.0
14;478.0
15;478.0
16;478.0
17;478.0
18;478.0
19;478.0
20;478.0
21;474.0
22;474.0
23;474.0
24;474.0
25;474.0
26;474.0
27;474.0
28;474.0
29;474.0
30;474.0
31;474.0
32;474.0
33;474.0
34;474.0
35;474.0
36;474.0
37;470.0
38;470.0
39;470.0
40;470.0
41;470.0
42;470.0
43;470.0
44;470.0
45;470.0
46;470.0
47;470.0
48;470.0
49;470.0
50;470.0
51;470.0
52;470.0
53;470.0
54;470.0
55;470.0
56;470.0
57;470.0
58;470.0
59;470.0
60;470.0
61;470.0
62;470.0
63;470.0
64;470.0
65;470.0
66;468.0
67;468.0
68;468.0
69;468.0
70;468.0
71;468.0
72;468.0
73;468.0
74;468.0
75;468.0
76;468.0
77;468.0
78;468.0
79;464.0
80;464.0
81;462.0
82;462.0
83;462.0
84;462.0
85;462.0
86;462.0
87;458.0
88;458.0
89;458.0
90;456.0
91;456.0
92;456.0
93;456.0
94;456.0
95;456.0
96;456.0
97;456.0
98;456.0
99;456.0
100;456.0
