1;524.0
2;488.0
3;488.0
4;478.0
5;478.0
6;478.0
7;478.0
8;478.0
9;478.0
10;466.0
11;466.0
12;466.0
13;466.0
14;466.0
15;466.0
16;466.0
17;466.0
18;466.0
19;466.0
20;466.0
21;466.0
22;466.0
23;466.0
24;466.0
25;466.0
26;466.0
27;466.0
28;466.0
29;440.0
30;440.0
31;440.0
32;440.0
33;440.0
34;440.0
35;440.0
36;440.0
37;440.0
38;440.0
39;440.0
40;440.0
41;440.0
42;434.0
43;434.0
44;434.0
45;434.0
46;434.0
47;434.0
48;434.0
49;434.0
50;434.0
51;434.0
52;434.0
53;434.0
54;434.0
55;434.0
56;434.0
57;434.0
58;434.0
59;434.0
60;434.0
61;434.0
62;434.0
63;434.0
64;434.0
65;434.0
66;434.0
67;434.0
68;434.0
69;434.0
70;434.0
71;434.0
72;434.0
73;434.0
74;434.0
75;434.0
76;434.0
77;434.0
78;434.0
79;434.0
80;434.0
81;434.0
82;434.0
83;434.0
84;434.0
85;434.0
86;434.0
87;434.0
88;434.0
89;434.0
90;434.0
91;434.0
92;434.0
93;434.0
94;434.0
95;434.0
96;434.0
97;434.0
98;434.0
99;434.0
100;434.0
