1;526.0
2;508.0
3;504.0
4;504.0
5;504.0
6;496.0
7;496.0
8;496.0
9;496.0
10;496.0
11;474.0
12;474.0
13;464.0
14;464.0
15;464.0
16;436.0
17;436.0
18;436.0
19;436.0
20;436.0
21;436.0
22;436.0
23;436.0
24;436.0
25;436.0
26;436.0
27;436.0
28;436.0
29;436.0
30;436.0
31;436.0
32;436.0
33;436.0
34;436.0
35;436.0
36;436.0
37;436.0
38;436.0
39;436.0
40;436.0
41;436.0
42;436.0
43;436.0
44;436.0
45;436.0
46;436.0
47;436.0
48;436.0
49;436.0
50;436.0
51;436.0
52;436.0
53;436.0
54;436.0
55;436.0
56;436.0
57;436.0
58;436.0
59;436.0
60;436.0
61;436.0
62;436.0
63;436.0
64;436.0
65;436.0
66;436.0
67;436.0
68;436.0
69;436.0
70;434.0
71;434.0
72;434.0
73;434.0
74;434.0
75;434.0
76;434.0
77;434.0
78;434.0
79;434.0
80;434.0
81;434.0
82;434.0
83;434.0
84;434.0
85;434.0
86;434.0
87;434.0
88;434.0
89;434.0
90;434.0
91;434.0
92;434.0
93;434.0
94;434.0
95;434.0
96;434.0
97;434.0
98;434.0
99;434.0
100;434.0
