1;526.0
2;502.0
3;502.0
4;502.0
5;456.0
6;456.0
7;456.0
8;456.0
9;456.0
10;456.0
11;456.0
12;456.0
13;456.0
14;456.0
15;456.0
16;456.0
17;456.0
18;456.0
19;456.0
20;456.0
21;456.0
22;456.0
23;456.0
24;456.0
25;456.0
26;456.0
27;456.0
28;456.0
29;452.0
30;446.0
31;446.0
32;446.0
33;446.0
34;446.0
35;446.0
36;446.0
37;446.0
38;446.0
39;446.0
40;446.0
41;446.0
42;442.0
43;442.0
44;442.0
45;442.0
46;442.0
47;440.0
48;440.0
49;440.0
50;440.0
51;440.0
52;440.0
53;440.0
54;440.0
55;440.0
56;440.0
57;440.0
58;440.0
59;440.0
60;440.0
61;440.0
62;440.0
63;440.0
64;440.0
65;440.0
66;440.0
67;440.0
68;440.0
69;440.0
70;440.0
71;440.0
72;440.0
73;440.0
74;440.0
75;440.0
76;440.0
77;440.0
78;440.0
79;440.0
80;440.0
81;440.0
82;440.0
83;440.0
84;440.0
85;440.0
86;440.0
87;440.0
88;440.0
89;440.0
90;440.0
91;440.0
92;440.0
93;440.0
94;440.0
95;440.0
96;440.0
97;440.0
98;440.0
99;440.0
100;440.0
