1;484.0
2;472.0
3;446.0
4;446.0
5;446.0
6;446.0
7;446.0
8;434.0
9;434.0
10;434.0
11;434.0
12;440.0
13;440.0
14;440.0
15;440.0
16;440.0
17;440.0
18;440.0
19;440.0
20;440.0
21;440.0
22;440.0
23;434.0
24;444.0
25;440.0
26;452.0
27;450.0
28;450.0
29;434.0
30;434.0
31;450.0
32;450.0
33;450.0
34;450.0
35;450.0
36;450.0
37;450.0
38;450.0
39;450.0
40;450.0
41;444.0
42;450.0
43;450.0
44;450.0
45;434.0
46;450.0
47;450.0
48;450.0
49;450.0
50;450.0
51;450.0
52;450.0
53;450.0
54;450.0
55;446.0
56;446.0
57;446.0
58;446.0
59;446.0
60;446.0
61;446.0
62;446.0
63;446.0
64;440.0
65;440.0
66;436.0
67;436.0
68;436.0
69;434.0
70;434.0
71;434.0
72;434.0
73;434.0
74;434.0
75;434.0
76;434.0
77;434.0
78;434.0
79;434.0
80;434.0
81;434.0
82;434.0
83;434.0
84;434.0
85;434.0
86;434.0
87;434.0
88;434.0
89;434.0
90;434.0
91;434.0
92;434.0
93;434.0
94;434.0
95;434.0
96;434.0
97;434.0
98;434.0
99;434.0
100;434.0
