1;526.0
2;520.0
3;512.0
4;512.0
5;512.0
6;512.0
7;512.0
8;508.0
9;508.0
10;500.0
11;500.0
12;478.0
13;478.0
14;478.0
15;478.0
16;478.0
17;478.0
18;478.0
19;478.0
20;478.0
21;474.0
22;474.0
23;474.0
24;474.0
25;474.0
26;474.0
27;474.0
28;474.0
29;474.0
30;474.0
31;474.0
32;474.0
33;474.0
34;474.0
35;474.0
36;474.0
37;470.0
38;470.0
39;470.0
40;470.0
41;470.0
42;470.0
43;470.0
44;470.0
45;470.0
46;470.0
47;470.0
48;470.0
49;470.0
50;470.0
51;470.0
52;470.0
53;470.0
54;470.0
55;470.0
56;470.0
57;470.0
58;470.0
59;470.0
60;470.0
61;470.0
62;470.0
63;470.0
64;470.0
65;470.0
66;468.0
67;468.0
68;468.0
69;468.0
70;468.0
71;468.0
72;468.0
73;468.0
74;468.0
75;468.0
76;468.0
77;468.0
78;468.0
79;464.0
80;464.0
81;462.0
82;462.0
83;462.0
84;462.0
85;462.0
86;462.0
87;458.0
88;458.0
89;458.0
90;456.0
91;456.0
92;456.0
93;456.0
94;456.0
95;456.0
96;456.0
97;456.0
98;456.0
99;456.0
100;456.0
101;456.0
102;456.0
103;456.0
104;456.0
105;456.0
106;456.0
107;456.0
108;456.0
109;456.0
110;456.0
111;456.0
112;456.0
113;456.0
114;456.0
115;456.0
116;456.0
117;456.0
118;456.0
119;456.0
120;456.0
121;456.0
122;456.0
123;456.0
124;456.0
125;456.0
126;456.0
127;456.0
128;456.0
129;456.0
130;456.0
131;456.0
132;456.0
133;456.0
134;456.0
135;456.0
136;456.0
137;456.0
138;456.0
139;456.0
140;456.0
141;456.0
142;456.0
143;456.0
144;456.0
145;456.0
146;456.0
147;456.0
148;456.0
149;456.0
150;456.0
151;456.0
152;456.0
153;456.0
154;456.0
155;456.0
156;456.0
157;446.0
158;446.0
159;446.0
160;446.0
161;446.0
162;446.0
163;446.0
164;446.0
165;446.0
166;446.0
167;446.0
168;446.0
169;446.0
170;446.0
171;446.0
172;434.0
173;434.0
174;434.0
175;434.0
176;434.0
177;434.0
178;434.0
179;434.0
180;434.0
181;434.0
182;434.0
183;434.0
184;434.0
185;434.0
186;434.0
187;434.0
188;434.0
189;434.0
190;434.0
191;434.0
192;434.0
193;434.0
194;434.0
195;434.0
196;434.0
197;434.0
198;434.0
199;434.0
200;434.0
